50 50 5 4
1 100 50 80 1
2 70 35 65 1
3 20 5 10 1
4 80 35 55 1
5 20 15 35 1

2 2 2 2 2 2 2 2 2 2 2 2 2 2 2 2 2 2 2 2 2 2 2 2 2 2 2 2 2 2 2 2 2 2 2 2 2 2 2 2 2 2 2 2 2 2 2 2 2 2
2 2 3 2 2 2 2 2 3 2 2 2 2 3 2 3 2 2 2 2 2 2 2 2 3 3 2 2 3 2 2 3 2 2 2 2 2 2 2 2 2 2 2 2 2 2 2 2 2 2
2 2 2 1 3 2 1 2 3 3 2 3 2 3 2 1 2 2 2 2 2 2 2 2 2 1 2 2 3 2 2 2 2 3 2 2 2 2 2 2 3 3 2 3 1 2 2 3 2 2
2 2 2 2 3 2 2 2 3 3 3 2 2 2 2 2 2 2 2 1 2 2 3 2 2 2 3 2 2 2 2 3 1 3 2 2 1 2 2 2 2 2 2 2 2 2 2 2 2 2
2 2 3 2 2 2 2 2 3 3 2 2 2 3 3 2 2 2 3 2 2 2 2 2 2 3 2 2 2 2 3 2 2 2 2 3 2 2 3 2 2 1 2 2 2 2 3 1 2 2
2 2 3 2 3 3 3 2 2 2 2 2 2 2 2 3 2 2 2 2 2 3 2 2 2 3 3 2 1 2 2 2 1 2 2 2 2 2 2 2 2 2 2 2 2 2 2 2 2 2
2 2 2 2 3 1 2 2 2 2 2 1 2 2 2 3 1 2 2 2 2 3 3 2 2 2 2 2 2 2 2 2 3 2 2 2 3 2 3 2 2 2 2 2 3 2 2 2 2 2
2 2 2 2 2 3 2 2 3 2 2 2 2 2 2 2 2 3 2 3 2 2 1 3 2 2 3 2 3 3 2 2 2 2 2 2 2 2 2 1 2 2 2 2 3 3 3 2 2 2
2 2 2 2 2 2 2 2 2 2 2 2 3 2 3 2 2 2 2 2 2 2 2 2 2 2 2 2 2 3 2 2 2 3 2 2 2 2 2 2 2 2 2 2 2 3 2 2 2 2
2 2 2 1 2 3 2 2 3 2 3 2 2 2 2 2 2 2 2 2 2 2 2 3 2 2 2 2 2 2 3 2 2 1 3 2 2 3 3 2 2 2 2 1 2 2 2 2 2 2
2 2 2 2 2 2 2 2 2 1 3 2 2 2 1 2 2 3 2 2 1 3 2 2 2 1 2 3 2 2 2 3 2 2 2 2 2 3 3 2 2 2 2 2 2 2 2 2 2 2
2 2 3 2 2 2 1 2 2 2 2 2 2 2 2 2 2 2 2 2 3 3 2 2 2 2 2 2 3 2 2 2 2 2 2 2 2 2 2 2 2 2 2 2 3 2 2 2 2 2
2 3 3 3 2 2 2 2 2 2 2 3 2 2 2 2 3 2 2 2 2 1 3 2 3 2 2 2 2 2 2 2 2 2 1 2 2 3 2 2 3 3 2 2 3 2 2 1 2 2
2 2 3 3 2 2 3 2 2 3 2 2 2 2 2 2 2 2 3 2 2 2 2 2 2 2 3 2 2 2 2 2 2 3 2 2 2 2 2 2 3 2 2 2 2 2 2 2 2 2
2 2 2 2 2 2 2 2 2 2 2 3 2 2 2 2 1 2 2 2 2 2 3 2 2 2 2 2 2 1 2 2 2 2 2 2 2 2 2 1 2 2 2 2 2 3 2 1 2 2
2 2 2 2 3 2 2 1 2 2 2 3 2 3 2 2 3 2 2 2 3 2 2 2 1 2 2 3 2 2 2 2 2 2 2 2 2 3 2 2 2 3 2 3 2 3 3 2 2 2
2 2 2 3 2 2 2 2 2 3 2 2 2 2 2 3 3 3 2 2 2 2 2 2 2 2 2 2 2 2 2 2 3 3 2 3 2 2 2 2 2 2 2 2 2 1 2 1 2 2
2 2 2 2 2 2 3 2 2 2 2 2 2 3 2 3 2 2 2 2 3 2 2 2 2 2 2 1 2 2 2 2 2 3 1 2 2 2 2 2 2 1 2 2 2 2 2 2 2 2
2 2 3 2 2 1 2 2 3 2 1 2 3 2 2 2 2 2 2 2 2 2 1 3 2 2 2 2 2 3 2 2 2 2 2 2 2 2 3 2 2 2 2 3 2 2 2 2 2 2
2 2 2 2 2 3 2 2 2 2 2 2 2 2 2 2 2 2 3 2 2 2 3 2 2 2 2 2 3 2 2 3 2 2 2 2 2 2 2 2 2 2 2 2 2 2 2 2 2 2
2 2 2 3 2 2 2 2 2 2 2 2 3 2 2 2 2 2 2 2 3 2 2 2 2 3 2 2 2 2 2 2 2 2 1 2 2 2 3 2 2 2 2 3 2 2 2 2 2 2
2 2 2 3 2 2 2 2 2 2 2 2 2 1 2 2 2 1 2 2 2 2 2 2 2 2 2 1 2 2 2 2 2 2 2 3 3 2 2 2 3 3 2 2 3 2 1 2 2 2
2 2 3 2 3 2 3 3 2 2 1 2 2 2 2 2 2 2 2 2 3 2 2 2 3 2 2 2 2 2 2 2 2 2 2 2 3 2 3 2 3 3 2 2 2 2 2 2 2 2
2 2 2 2 2 2 3 2 3 2 2 2 3 2 2 3 2 2 2 2 2 2 2 2 2 2 2 3 2 2 2 3 2 2 2 2 2 2 2 2 2 2 2 2 2 2 3 3 2 2
2 2 3 2 2 1 2 2 3 2 2 2 2 3 3 2 2 1 2 2 3 2 2 2 2 2 2 2 2 2 3 1 2 2 2 2 2 2 2 2 2 1 2 2 2 2 2 2 2 2
2 2 2 2 2 2 2 2 2 2 2 2 2 2 2 2 2 2 2 2 3 3 2 2 1 2 2 2 2 2 2 2 3 2 2 2 1 2 2 2 2 2 2 2 2 2 2 2 2 2
2 2 2 3 2 2 2 3 2 3 2 1 2 2 2 3 2 2 2 2 3 2 2 2 2 2 2 2 3 2 2 2 2 2 2 2 2 2 3 3 2 2 2 2 2 2 1 2 2 2
2 2 2 2 2 2 2 2 2 2 2 3 2 2 2 2 2 2 2 2 2 2 3 2 2 2 2 2 2 2 2 2 1 2 2 2 2 2 2 3 2 2 2 2 2 3 2 3 2 2
2 2 2 2 2 3 2 2 3 2 2 2 2 2 2 3 2 1 2 2 2 2 2 2 2 2 1 2 2 2 2 2 2 2 2 2 3 2 2 2 2 2 2 2 2 2 2 3 2 2
2 2 2 3 1 3 2 2 3 2 2 3 3 2 2 2 2 2 2 2 3 2 2 2 2 2 2 2 3 3 2 2 2 3 2 2 2 2 2 1 2 3 2 2 1 2 2 2 2 2
2 2 2 2 2 2 2 3 2 2 2 2 3 3 2 3 2 2 2 2 2 2 2 2 2 2 2 2 2 2 2 2 3 3 2 2 2 2 2 2 2 2 2 2 2 2 3 2 2 2
2 2 2 2 3 2 2 2 2 1 2 3 3 2 2 2 2 2 2 2 2 2 3 2 2 2 2 2 2 2 2 2 2 3 2 2 2 2 2 2 2 2 2 2 2 3 3 2 2 2
2 2 2 2 2 2 2 2 2 2 2 2 2 2 2 2 2 1 2 2 2 2 1 2 2 2 2 2 2 1 2 2 2 2 2 3 3 3 2 2 2 2 2 2 2 3 2 2 2 2
2 2 2 2 1 2 2 2 3 2 2 2 2 2 2 2 2 2 2 2 2 3 2 2 3 3 2 3 2 2 2 2 2 2 2 3 1 3 2 2 3 2 1 2 2 2 2 2 2 2
2 2 3 2 2 2 2 2 2 2 2 2 1 2 2 2 2 2 2 2 2 2 2 3 3 2 2 2 2 2 2 2 3 2 2 3 3 3 2 2 2 2 2 2 3 2 2 3 2 2
2 2 2 2 2 2 3 2 2 3 2 2 2 2 3 2 2 2 2 3 2 2 2 2 3 2 3 2 1 2 2 2 2 2 2 2 2 2 2 2 2 2 2 2 2 2 2 2 2 2
2 2 3 2 3 2 3 1 2 2 3 2 2 3 2 2 2 2 2 2 3 2 1 2 2 2 2 2 2 2 2 2 3 2 3 2 2 3 2 2 2 2 2 2 2 2 1 2 2 2
2 2 2 2 2 2 2 2 2 2 2 2 3 2 2 2 3 2 2 2 2 2 2 2 2 2 3 2 2 2 2 2 2 2 2 2 2 2 2 2 3 3 2 2 2 2 2 2 3 2
2 2 2 3 2 2 3 2 2 2 2 2 2 2 3 3 1 2 2 2 3 2 2 2 3 2 2 2 2 2 2 2 2 3 2 2 2 2 2 2 2 3 2 2 2 3 2 2 2 2
2 2 2 2 3 2 2 2 3 3 2 2 2 3 3 2 3 2 2 2 2 2 2 2 2 2 2 1 2 2 2 2 1 2 2 2 2 2 1 2 2 2 2 3 1 3 2 2 2 2
2 2 2 2 2 2 2 2 2 2 3 2 2 2 1 2 2 2 2 2 2 2 1 2 3 2 2 3 3 2 2 2 2 2 2 3 2 2 2 2 2 2 3 2 2 3 2 2 2 2
2 2 2 2 3 2 2 2 2 1 2 2 2 2 2 2 2 2 2 2 2 2 2 2 2 2 2 2 2 2 2 2 2 2 3 3 2 2 2 2 2 2 2 2 2 2 2 3 2 2
2 2 2 3 1 3 2 2 2 2 2 2 1 2 2 2 2 2 2 2 2 2 2 3 2 2 2 2 2 2 2 2 2 2 2 2 2 2 2 2 2 2 2 2 2 3 2 2 2 2
2 2 2 3 3 3 3 2 2 2 2 2 2 2 2 2 2 2 2 2 3 2 2 2 2 2 2 2 2 2 2 2 1 2 2 2 2 2 3 1 2 2 2 2 2 2 2 2 2 2
2 2 2 2 3 2 2 2 2 2 2 2 2 3 2 1 2 2 2 2 3 1 2 2 3 2 1 2 3 2 2 2 2 3 2 2 3 2 1 3 2 2 2 2 1 2 2 2 2 2
2 2 2 2 2 2 2 2 2 2 2 2 3 3 2 2 2 2 2 2 2 2 3 2 2 2 2 2 2 2 2 2 2 3 2 2 2 2 2 2 2 2 3 3 2 2 2 3 2 2
2 2 2 2 2 2 2 2 2 2 2 2 2 2 2 2 3 2 2 2 2 2 2 2 2 3 2 2 2 3 2 2 2 2 2 2 2 2 2 2 2 2 3 3 2 2 2 3 2 3
2 2 2 2 2 2 3 3 2 2 2 2 2 2 2 2 2 1 2 2 2 3 2 2 2 2 2 2 3 2 3 2 2 2 2 2 1 2 2 2 2 2 2 2 2 2 1 2 2 2
2 2 2 2 2 2 2 1 3 2 2 2 2 2 2 2 2 2 2 3 2 2 2 3 2 3 2 2 2 2 2 2 2 3 2 2 2 2 3 2 2 3 2 2 2 2 2 2 2 2
2 2 2 2 2 2 2 2 2 2 2 2 2 2 2 2 2 2 2 2 2 2 2 2 2 2 2 2 2 2 2 2 2 2 2 2 2 2 2 2 2 2 2 2 2 2 2 2 2 2